t # 0
v 0 0
v 1 0
v 2 0
v 3 0
v 4 0
v 5 1
v 6 0
v 7 0
v 8 0
v 9 0
v 10 0
e 0 2 0
e 0 4 0
e 1 2 0
e 1 5 0
e 2 5 0
e 3 4 0
e 3 5 0
e 4 5 0
e 5 6 0
e 5 7 0
e 5 8 0
e 5 9 0
e 6 7 0
e 7 10 0
e 8 9 0
t # 1
v 0 0
v 1 0
v 2 0
v 3 1
v 4 0
v 5 0
v 6 0
v 7 0
v 8 0
v 9 0
v 10 0
v 11 0
v 12 0
e 0 11 0
e 0 12 0
e 0 3 0
e 1 10 0
e 1 3 0
e 2 11 0
e 2 3 0
e 3 12 0
e 3 4 0
e 3 5 0
e 3 6 0
e 3 7 0
e 4 5 0
e 4 8 0
e 5 9 0
e 6 8 0
e 7 9 0
t # 2
v 0 0
v 1 0
v 2 0
v 3 0
v 4 0
v 5 0
v 6 0
v 7 0
v 8 0
v 9 0
v 10 0
v 11 0
v 12 0
v 13 1
e 0 13 0
e 0 1 0
e 0 4 0
e 1 13 0
e 1 5 0
e 2 13 0
e 2 4 0
e 3 13 0
e 3 5 0
e 4 6 0
e 5 6 0
e 7 11 0
e 8 10 0
e 8 12 0
e 9 10 0
e 9 13 0
e 10 13 0
e 11 13 0
