t # 0
v 0 0
v 1 0
v 2 0
v 3 0
v 4 0
v 5 0
v 6 0
v 7 1
v 8 0
v 9 0
v 10 0
v 11 0
v 12 0
v 13 0
e 0 2 0
e 0 3 0
e 1 4 0
e 1 5 0
e 2 3 0
e 2 6 0
e 3 6 0
e 4 5 0
e 4 6 0
e 5 6 0
e 6 8 0
e 6 9 0
e 6 10 0
e 7 8 0
e 7 11 0
e 8 11 0
e 11 13 0
e 12 13 0
t # 1
v 0 0
v 1 0
v 2 0
v 3 0
v 4 0
v 5 0
v 6 0
v 7 0
v 8 1
v 9 0
v 10 0
v 11 0
v 12 0
v 13 0
e 0 2 0
e 0 3 0
e 1 4 0
e 1 5 0
e 2 3 0
e 2 6 0
e 3 6 0
e 4 5 0
e 4 6 0
e 5 6 0
e 6 7 0
e 6 8 0
e 6 9 0
e 6 10 0
e 7 8 0
e 7 11 0
e 8 11 0
e 11 13 0
e 12 13 0
t # 2
v 0 0
v 1 0
v 2 0
v 3 0
v 4 0
v 5 0
v 6 0
v 7 0
v 8 0
v 9 1
v 10 0
v 11 0
v 12 0
e 0 2 0
e 0 3 0
e 1 4 0
e 1 5 0
e 2 3 0
e 2 6 0
e 3 6 0
e 4 5 0
e 4 6 0
e 5 6 0
e 6 7 0
e 6 8 0
e 6 9 0
e 6 10 0
e 9 10 0
e 9 11 0
e 10 11 0
e 11 12 0
t # 3
v 0 0
v 1 0
v 2 0
v 3 0
v 4 0
v 5 0
v 6 0
v 7 0
v 8 0
v 9 0
v 10 1
v 11 0
v 12 0
e 0 2 0
e 0 3 0
e 1 4 0
e 1 5 0
e 2 3 0
e 2 6 0
e 3 6 0
e 4 6 0
e 5 6 0
e 6 7 0
e 6 8 0
e 6 9 0
e 6 10 0
e 9 10 0
e 9 11 0
e 10 11 0
e 11 12 0
t # 4
v 0 0
v 1 0
v 2 0
v 3 0
v 4 0
v 5 1
v 6 0
v 7 0
v 8 0
v 9 0
v 10 0
v 11 0
e 0 1 0
e 0 4 0
e 1 4 0
e 2 3 0
e 2 4 0
e 3 4 0
e 4 5 0
e 4 6 0
e 4 7 0
e 4 8 0
e 5 6 0
e 5 9 0
e 6 9 0
e 7 8 0
e 7 10 0
e 8 10 0
e 9 11 0
e 10 11 0
t # 5
v 0 0
v 1 0
v 2 0
v 3 0
v 4 0
v 5 0
v 6 0
v 7 1
v 8 0
v 9 0
v 10 0
v 11 0
v 12 0
e 0 1 0
e 0 2 0
e 1 5 0
e 2 5 0
e 3 4 0
e 3 5 0
e 4 5 0
e 5 6 0
e 5 7 0
e 5 8 0
e 5 9 0
e 6 7 0
e 6 10 0
e 7 10 0
e 8 11 0
e 10 12 0
e 11 12 0
t # 6
v 0 0
v 1 0
v 2 0
v 3 0
v 4 0
v 5 0
v 6 0
v 7 0
v 8 1
v 9 0
v 10 0
v 11 0
e 0 2 0
e 0 3 0
e 1 4 0
e 1 5 0
e 2 3 0
e 2 6 0
e 3 6 0
e 4 5 0
e 4 6 0
e 5 6 0
e 6 7 0
e 6 8 0
e 6 9 0
e 8 9 0
e 8 10 0
e 9 10 0
e 10 11 0
t # 7
v 0 0
v 1 0
v 2 0
v 3 0
v 4 0
v 5 0
v 6 0
v 7 0
v 8 0
v 9 0
v 10 1
v 11 0
v 12 0
e 0 2 0
e 0 3 0
e 1 4 0
e 1 5 0
e 2 3 0
e 2 6 0
e 4 5 0
e 4 6 0
e 5 6 0
e 6 7 0
e 6 8 0
e 6 9 0
e 6 10 0
e 9 10 0
e 9 11 0
e 10 11 0
e 11 12 0
t # 8
v 0 0
v 1 0
v 2 0
v 3 0
v 4 0
v 5 0
v 6 1
v 7 0
v 8 0
v 9 0
v 10 0
v 11 0
e 0 3 0
e 0 4 0
e 1 2 0
e 1 5 0
e 2 5 0
e 3 4 0
e 3 5 0
e 4 5 0
e 5 6 0
e 5 8 0
e 5 9 0
e 6 7 0
e 6 10 0
e 7 10 0
e 8 9 0
e 10 11 0
t # 9
v 0 0
v 1 0
v 2 0
v 3 0
v 4 0
v 5 0
v 6 0
v 7 1
v 8 0
v 9 0
v 10 0
e 0 3 0
e 0 4 0
e 1 2 0
e 1 5 0
e 2 5 0
e 3 4 0
e 3 5 0
e 4 5 0
e 5 6 0
e 5 7 0
e 5 8 0
e 5 9 0
e 6 7 0
e 6 10 0
e 7 10 0
t # 10
v 0 0
v 1 0
v 2 0
v 3 0
v 4 0
v 5 0
v 6 0
v 7 0
v 8 1
v 9 0
v 10 0
v 11 0
e 0 3 0
e 0 4 0
e 1 2 0
e 1 5 0
e 2 5 0
e 3 4 0
e 3 5 0
e 4 5 0
e 5 6 0
e 5 7 0
e 5 8 0
e 5 9 0
e 8 9 0
e 8 10 0
e 9 10 0
e 10 11 0
t # 11
v 0 0
v 1 0
v 2 0
v 3 0
v 4 0
v 5 0
v 6 0
v 7 0
v 8 0
v 9 1
v 10 0
e 0 3 0
e 0 4 0
e 1 2 0
e 1 5 0
e 2 5 0
e 3 4 0
e 3 5 0
e 4 5 0
e 5 6 0
e 5 7 0
e 5 8 0
e 8 9 0
e 8 10 0
e 9 10 0
