t # 0
v 0 0
v 1 0
v 2 0
v 3 0
v 4 0
v 5 1
v 6 0
v 7 0
v 8 0
v 9 0
v 10 0
v 11 0
v 12 0
v 13 0
v 14 0
v 15 0
v 16 0
e 0 1 0
e 1 2 0
e 1 3 0
e 1 4 0
e 4 5 0
e 4 6 0
e 4 15 0
e 5 7 0
e 5 8 0
e 6 9 0
e 6 10 0
e 7 8 0
e 7 11 0
e 8 11 0
e 9 11 0
e 10 11 0
e 11 12 0
e 11 13 0
e 11 14 0
e 15 16 0
t # 1
v 0 0
v 1 0
v 2 0
v 3 0
v 4 0
v 5 1
v 6 0
v 7 0
v 8 0
v 9 0
v 10 0
v 11 0
v 12 0
v 13 0
v 14 0
v 15 0
e 0 1 0
e 1 2 0
e 1 3 0
e 3 4 0
e 3 5 0
e 3 12 0
e 5 6 0
e 5 7 0
e 6 7 0
e 6 8 0
e 7 8 0
e 8 9 0
e 8 10 0
e 8 11 0
e 12 13 0
e 12 14 0
e 12 15 0
t # 2
v 0 0
v 1 0
v 2 0
v 3 0
v 4 1
v 5 0
v 6 0
v 7 0
v 8 0
v 9 0
v 10 0
v 11 0
v 12 0
v 13 0
v 14 0
v 15 0
v 16 0
e 0 1 0
e 0 2 0
e 0 16 0
e 0 3 0
e 3 4 0
e 3 5 0
e 3 14 0
e 4 6 0
e 4 7 0
e 6 7 0
e 6 9 0
e 7 9 0
e 8 9 0
e 9 10 0
e 9 11 0
e 9 12 0
e 9 13 0
e 14 15 0
t # 3
v 0 0
v 1 0
v 2 0
v 3 0
v 4 0
v 5 1
v 6 0
v 7 0
v 8 0
v 9 0
v 10 0
v 11 0
v 12 0
v 13 0
v 14 0
v 15 0
e 0 1 0
e 0 2 0
e 0 15 0
e 0 3 0
e 3 4 0
e 3 5 0
e 3 14 0
e 4 6 0
e 5 7 0
e 5 8 0
e 6 9 0
e 7 8 0
e 7 9 0
e 8 9 0
e 9 10 0
e 9 11 0
e 9 12 0
e 9 13 0
t # 4
v 0 0
v 1 0
v 2 0
v 3 0
v 4 0
v 5 1
v 6 0
v 7 0
v 8 0
v 9 0
v 10 0
v 11 0
v 12 0
v 13 0
v 14 0
v 15 0
e 0 14 0
e 1 2 0
e 1 3 0
e 1 4 0
e 4 5 0
e 4 6 0
e 4 14 0
e 5 7 0
e 5 8 0
e 6 9 0
e 7 8 0
e 7 11 0
e 8 11 0
e 9 11 0
e 10 11 0
e 11 12 0
e 11 13 0
e 14 15 0
t # 5
v 0 0
v 1 0
v 2 0
v 3 0
v 4 0
v 5 0
v 6 0
v 7 0
v 8 0
v 9 1
v 10 0
v 11 0
v 12 0
v 13 0
v 14 0
e 0 13 0
e 1 2 0
e 2 6 0
e 2 7 0
e 3 4 0
e 3 5 0
e 3 7 0
e 7 8 0
e 7 9 0
e 8 10 0
e 9 11 0
e 9 12 0
e 11 12 0
e 11 13 0
e 12 13 0
e 13 14 0
