CT1002894513
60 90
  1  5  2  r   
  1  9  1  b   
  1  2  1  r   
  2 12  2  b   
  2  3  1  r   
  3 15  2  b   
  3  4  1  r   
  4 18  2  b   
  4  5  1  r   
  5  6  1  b   
  6 20  2  r   
  6  7  1  r   
  7 22  2  r   
  7  8  1  b   
  8 25  2  r   
  8  9  1  r   
  9 10  2  r   
 10 26  1  r   
 10 11  1  b   
 11 29  2  r   
 11 12  1  r   
 12 13  1  r   
 13 30  2  r   
 13 14  1  b   
 14 33  2  r   
 14 15  1  r   
 15 16  1  r   
 16 34  2  r   
 16 17  1  b   
 17 37  2  r   
 17 18  1  r   
 18 19  1  r   
 19 38  2  r   
 19 20  1  b   
 20 21  1  r   
 21 40  2  b   
 21 22  1  r   
 22 23  1  b   
 23 42  2  r   
 23 24  1  r   
 24 44  2  r   
 24 25  1  b   
 25 26  1  r   
 26 27  2  b   
 27 45  1  r   
 27 28  1  r   
 28 47  2  r   
 28 29  1  b   
 29 30  1  r   
 30 31  1  b   
 31 48  1  r   
 31 32  2  r   
 32 50  1  r   
 32 33  1  b   
 33 34  1  r   
 34 35  1  b   
 35 51  1  r   
 35 36  2  r   
 36 53  1  r   
 36 37  1  b   
 37 38  1  r   
 38 39  1  b   
 39 54  2  r   
 39 40  1  r   
 40 41  1  r   
 41 55  2  r   
 41 42  1  b   
 42 43  1  r   
 43 57  2  b   
 43 44  1  r   
 44 45  1  b   
 45 46  2  r   
 46 58  1  b   
 46 47  1  r   
 47 48  1  b   
 48 49  2  r   
 49 59  1  b   
 49 50  1  r   
 50 51  2  b   
 51 52  1  r   
 52 60  1  b   
 52 53  2  r   
 53 54  1  b   
 54 55  1  r   
 55 56  1  b   
 56 60  2  r   
 56 57  1  r   
 57 58  1  r   
 58 59  2  r   
 59 60  1  r   
M  END
$$$$